	AC010789.1	MIS18A-AS1	LINC00659	LINC02575	LINC00486	MIR205HG	LINC01436	MIR4280HG	LINC01115	LINC02428	AC226118.1	PURPL	MIR3142HG	LINC01300	PKIA-AS1	LINC02688	AC016705.1	AL035425.3	NFE2L1-DT	LINC02675	LINC00668	FENDRR	AC132192.2	AC010359.2	AC099343.2	AL353708.3	AP001412.1	AL355512.1	PICSAR	AC092117.1	AL139123.1	AC087239.1	AC207130.1	AL358777.3	AC211476.6	AC133530.1	AL513128.3	AC053545.1	state
tm1	0	9	31	9	1	1568	19	3	0	0	11	0	59	1	3	89	1	3	34	1	34	29	38	11	13	4	4	14	9	75	8	11	2	5	6	63	7	2	1
tm2	0	1	79	1	0	0	3	11	0	0	3	0	35	2	3	17	2	3	8	1	0	30	15	0	3	5	1	0	0	12	2	6	0	3	1	0	4	3	1
tm3	0	8	119	13	2	68	75	13	0	3	14	2	47	2	5	34	0	0	20	0	0	956	29	9	21	15	2	5	3	36	13	1	0	14	7	6	38	2	1
tm4	3	9	49	81	1	2	1865	4	0	120	52	2	83	37	5	681	2	1	28	4	2	227	26	12	18	13	0	4	160	137	7	18	2	7	3	2	10	0	1
tm5	0	10	43	10	0	71	42	4	1	13	7	0	122	8	3	1032	2	4	25	0	2	161	49	14	22	11	7	3	1	65	21	23	1	23	13	8	13	14	1
tm6	0	3	55	12	0	0	59	4	4	1	17	1	40	16	2	42	1	30	17	0	0	269	7	7	11	8	1	2	0	39	9	5	0	8	4	3	7	9	1
tm7	0	23	3	3	2	0	50	9	37	0	2	3	108	2	7	12	1	3	34	0	0	129	29	9	14	7	5	1	0	146	8	11	0	12	8	0	22	6	1
tm8	1	6	9	18	0	57	95	7	1	0	6	2	61	9	1	159	0	1	11	0	0	335	25	11	25	5	4	3	6	60	13	11	0	7	5	6	9	14	1
tm9	0	5	59	25	98	24	229	9	1	1	27	1	66	4	4	69	1	5	20	1	1	324	36	8	15	5	1	7	4	129	9	11	0	6	4	58	19	7	1
tm10	0	11	15	10	1	1	27	2	2	0	2	1	44	2	7	1448	1	3	16	0	3	268	8	5	15	4	2	4	30	53	1	6	1	10	2	0	3	8	1
tm11	0	5	13	3	0	0	74	3	0	6	14	0	31	120	1	249	0	0	8	0	0	856	7	14	10	13	0	2	3	28	5	5	1	3	0	2	19	3	1
tm12	0	4	5	5	1	1	5	6	53	0	6	0	48	1	1	61	0	5	16	2	6	209	5	6	10	9	3	4	0	57	2	2	0	5	0	3	11	4	1
tm13	0	6	18	74	2	13	4	7	1	7	6	1	18	18	0	544	0	4	29	1	270	122	24	8	6	13	4	2	1	93	14	13	0	6	9	3	12	2	1
tm14	0	4	9	2	2	8	28	7	2	0	12	23	70	0	3	556	0	5	15	1	0	91	32	13	12	8	7	8	56	29	7	14	0	18	11	6	17	7	1
tm15	1	2	82	5	1	399	20	9	3	2	10	0	5	72	1	17	1	7	22	2	5	19	26	8	10	10	8	2	165	10	6	13	0	15	4	3	2	10	1
tm16	0	1	65	6	0	5	227	9	7	0	8	3	43	2	0	41	1	0	15	0	1	191	15	1	10	6	2	2	1	32	0	5	1	0	0	33	8	1	1
tm17	1	7	3	2	2	6	55	15	0	0	7	1	30	7	9	77	1	6	17	0	64	194	20	9	13	3	1	4	122	66	1	4	0	5	0	2	7	3	1
tm18	0	4	57	7	2	0	51	15	1	0	56	1	31	30	7	32	0	42	34	1	0	83	45	16	17	10	4	1	1	132	8	5	1	17	6	4	14	0	1
tm19	0	5	4	1	0	371	26	9	0	2	1	3	37	11	4	54	2	34	28	0	75	285	42	25	26	21	2	23	121	122	9	7	0	10	0	17	18	4	1
tm20	1	3	49	1	0	0	34	5	0	1	6	12	9	0	2	44	0	3	23	2	4	72	14	7	21	48	4	4	1	50	7	15	0	5	6	2	3	8	1
tm21	27	2	12	1	0	389	246	8	13	1	16	33	54	3	2	22	1	0	7	9	21	72	13	11	11	2	0	6	7	20	4	7	0	4	2	64	3	9	1
tm22	2	3	10	2	5	60	50	7	2	0	1	31	72	2	3	181	3	2	68	0	6	39	125	27	46	19	12	4	3	51	11	35	2	20	10	1	10	4	1
tm23	0	7	4	8	2	4	5	25	0	0	9	2	218	0	1	52	2	10	19	0	0	165	22	7	23	10	5	1	2	32	3	10	0	25	5	135	11	2	1
tm24	0	0	0	4	0	556	96	15	0	0	39	0	2	0	4	40	1	0	10	23	0	108	18	6	7	8	0	6	5	18	1	7	0	1	1	6	2	19	1
tm25	0	6	17	1	0	395	25	19	0	2	2	1	13	8	3	10	0	0	21	0	2	294	15	9	4	5	2	0	57	24	5	19	0	11	0	5	3	4	1
tm26	7	3	15	13	1	2	22	3	8	10	4	0	8	2	4	55	0	8	10	2	48	42	7	7	3	4	1	0	12	18	4	10	0	6	2	7	2	3	1
tm27	0	9	1	3	3	41	15	14	2	1	21	1	57	6	1	98	0	3	10	2	48	39	20	7	6	4	1	3	9	71	12	4	1	9	5	16	12	18	1
tm28	1	14	21	3	37	1	5	47	0	3	8	3	24	3	2	799	2	4	43	2	0	71	54	18	13	14	7	0	0	25	11	22	0	33	3	1	2	24	1
tm29	1	1	102	1	5	0	1	2	3	0	3	36	13	1	0	129	2	732	27	0	233	48	51	0	7	39	4	4	0	21	32	29	3	19	6	1	0	1	1
tm30	0	10	6	5	1	27	2	16	0	0	16	0	38	0	0	55	0	0	19	35	6	297	25	6	5	3	4	0	10	49	3	9	3	12	3	3	7	0	1
tm31	1	9	4	9	0	9	31	16	11	6	5	4	47	2	6	68	1	6	30	1	0	326	34	15	27	12	2	1	2	18	17	6	0	17	7	8	8	27	1
tm32	1	17	10	4	1	28	18	21	3	1	77	10	207	16	3	43	3	14	13	2	1	92	18	26	6	27	0	5	1	123	1	6	2	22	0	6	21	5	1
tm33	0	3	11	20	1	1	12	12	1	1	36	2	102	5	5	50	0	3	13	2	52	85	17	12	13	7	1	2	20	63	9	10	1	11	1	0	10	1	1
tm34	0	15	4	1	0	113	10	68	1	0	0	1	20	25	1	14	0	3	51	0	1	64	32	23	10	30	4	9	64	67	8	22	1	23	4	1	6	1	1
tm35	0	7	12	18	1	1	11	11	0	0	7	4	27	34	1	141	4	4	37	2	2	26	38	17	22	27	3	0	0	55	9	10	0	9	10	1	16	5	1
tm36	8	4	15	4	1	2	5	0	6	2	9	0	27	12	10	40	0	3	28	0	0	368	16	8	6	8	1	21	40	16	1	8	0	7	0	1	8	1	1
tm37	0	11	21	3	0	8	33	14	9	57	2	0	23	10	1	94	0	0	20	12	2	91	43	14	13	26	1	3	2	90	18	16	2	27	3	4	8	4	1
tm38	51	2	41	101	0	1	133	17	4	16	4	1	55	9	1	6	2	0	19	4	570	63	13	6	21	21	3	1	18	58	15	5	0	18	2	1	4	1	1
tm39	1	1	29	1	1	54	40	11	0	3	13	0	36	65	6	224	0	1	16	0	0	91	31	14	11	5	4	1	5	13	7	7	0	9	4	253	15	2	1
tm40	0	5	4	2	0	11	3	33	2	0	2	3	115	6	4	5230	2	8	14	0	23	222	19	19	14	9	2	3	0	154	10	11	0	5	2	4	2	0	1
tm41	8	3	22	8	3	2	217	8	0	0	16	3	181	2	8	33	4	11	11	1	1	260	10	12	7	5	1	5	3	76	2	2	2	23	0	5	11	2	1
tm42	0	12	16	2	2	7	37	7	21	0	10	4	126	0	2	222	1	37	17	12	16	107	29	11	15	16	8	5	3	85	17	4	3	15	2	7	5	7	1
tm43	0	3	43	6	1	11	25	33	286	0	6	1	64	10	3	240	1	2	21	1	0	551	25	9	8	9	0	8	1	25	6	6	1	8	1	110	10	2	1
tm44	0	7	40	38	0	1	10	70	0	20	66	33	76	1	3	993	9	3	9	0	10	381	18	13	9	6	3	7	8	43	9	6	18	8	1	2	2	1	1
tm45	0	0	57	10	17	0	20	11	3	1	0	1	60	2	3	299	3	6	17	0	0	92	36	20	26	16	7	4	2	44	8	16	0	16	4	36	13	0	1
tm46	0	14	7	0	0	781	33	38	0	200	18	1	19	0	0	50	0	0	39	0	6	22	33	12	7	16	3	13	33	174	8	7	119	15	2	3	12	3	1
tm47	0	25	80	116	2	1	143	8	1	14	44	7	403	4	5	138	29	3	49	2	4	316	45	8	60	22	11	8	23	143	23	9	10	32	6	1	24	84	1
tm48	11	5	7	7	1	6	70	13	11	0	3	0	237	1	4	16	1	1	9	0	32	85	35	14	30	19	3	4	19	110	23	35	0	18	3	8	27	0	1
tm49	0	6	17	71	1	41	669	10	0	12	6	8	20	4	0	781	1	0	29	1	2	250	29	12	8	8	3	2	88	58	11	7	3	7	3	40	5	17	1
tm50	4	1	5	16	0	3	53	3	39	14	25	5	74	1	0	480	0	5	29	0	5	326	27	10	11	7	5	4	60	39	4	7	0	8	4	22	12	7	1
tm51	0	5	6	2	0	134	11	21	1	0	7	2	48	1	0	84	0	1	14	0	0	42	17	6	11	8	1	4	3	36	4	7	1	5	2	18	9	7	1
tm52	16	12	32	67	1	72	76	18	23	0	23	11	82	16	1	59	0	5	35	22	102	115	28	19	26	20	9	8	61	92	16	11	0	24	4	3	11	21	1
tm53	0	6	52	20	2	39	50	17	0	1	1	8	136	10	4	317	1	6	29	12	47	143	24	16	22	12	11	2	0	34	12	10	1	16	5	4	9	9	1
tm54	0	8	37	13	1	26	335	14	1	38	43	1	31	5	5	64	0	0	9	1	0	344	17	9	15	12	1	12	1	84	5	4	0	4	3	14	9	6	1
tm55	0	1	2	0	0	2	13	6	146	1	2	2	11	1	3	285	2	2	16	2	11	90	19	6	17	24	4	3	29	75	2	20	1	14	5	9	21	4	1
tm56	0	7	59	4	240	26	9	2	2	0	35	3	23	26	7	78	1	3	22	1	8	152	17	7	23	13	1	1	2	85	6	9	4	3	4	130	5	9	1
tm57	0	1	16	1	3	1	15	7	14	2	5	7	22	5	1	165	0	8	12	20	1	71	28	8	8	5	2	4	3	42	6	15	2	7	2	2	8	6	1
tm58	1	5	63	13	0	9	91	12	6	35	11	4	65	47	2	4347	1	3	17	4	66	139	28	4	18	10	2	4	31	32	15	10	7	29	6	35	12	4	1
tm59	49	6	52	8	531	1165	23	15	0	1	10	2	41	15	3	5	2	1	21	6	308	48	35	11	10	16	1	6	263	9	4	17	7	16	6	0	3	9	1
tm60	0	4	282	2	2	31	2	22	0	4	7	2	11	6	2	48	5	4	9	0	1	137	90	14	30	37	4	15	3	113	10	34	1	6	4	593	18	4	1
tm61	0	7	9	5	1	163	29	17	20	0	0	1	68	24	7	491	1	7	16	2	0	118	11	18	16	7	2	2	1	54	5	10	2	4	5	4	7	3	1
tm62	0	8	15	9	1	1	129	1	2	1	19	2	65	7	1	37	0	0	18	0	0	3671	22	8	14	7	2	0	0	9	1	13	1	25	2	1	7	5	1
tm63	0	10	39	5	0	0	7	29	4	0	43	70	55	5	2	227	2	1	48	2	0	153	77	16	30	17	13	3	1	128	9	29	9	37	13	14	32	21	1
tm64	2	3	2	6	2	14	7	13	1	0	0	0	85	0	4	67	2	1	13	3	3	162	25	8	11	15	5	7	20	63	8	12	0	6	4	3	12	2	1
tm65	0	4	59	14	3	7	5	31	0	0	18	5	25	20	2	15	2	0	16	1	0	98	20	3	8	4	3	0	1	13	4	14	0	16	3	1	7	1	1
tm66	38	4	22	3	38	5	19	9	4	4	34	14	18	4	4	1282	4	0	25	0	2	148	21	12	15	17	4	1	33	31	6	13	1	12	1	5	3	3	1
tm67	1	5	11	10	0	2762	86	15	0	15	16	13	20	7	7	60	1	6	41	0	58	288	47	19	12	14	4	10	28	88	9	20	0	8	6	30	8	71	1
tm68	0	11	16	12	5	3	28	9	0	0	9	6	82	5	0	286	0	1	21	3	1	185	27	16	12	9	1	3	0	76	4	12	0	27	7	1	3	10	1
tm69	2	12	3	20	2	34	49	4	36	3	14	8	69	8	9	65	1	8	41	5	12	250	20	9	9	10	1	8	0	217	10	3	0	15	2	0	26	4	1
tm70	0	1	75	0	1	20	357	33	0	1	11	4	5	1	0	11	0	0	21	0	3	236	21	3	8	3	2	6	265	44	1	3	0	12	1	0	1	4	1
tm71	0	12	30	5	1	2	73	17	1	27	10	1	80	12	4	66	0	1	24	1	1	180	28	15	16	9	3	8	1	155	8	8	0	8	8	62	20	20	1
tm72	0	9	14	18	2	3	63	5	2	3	14	1	81	3	2	517	0	3	24	9	7	189	31	11	20	9	5	5	8	75	8	4	1	9	6	72	12	3	1
tm73	7	4	27	75	0	93	216	4	28	2	16	5	55	11	4	960	1	1	26	3	163	7781	43	15	27	9	8	3	36	76	12	6	1	19	7	16	23	4	1
tm74	0	4	1	11	2	34	9	8	13	0	15	5	18	17	0	135	1	4	7	2	1	154	8	7	6	6	0	2	2	39	1	0	0	4	1	1	4	8	1
tm75	0	5	32	7	2	195	19	44	26	0	18	4	59	11	1	1642	0	9	28	7	14	1272	40	26	19	8	6	0	5	63	8	7	1	9	4	2	12	1	1
tm76	0	4	16	2	2	5	2	19	12	2	5	2	64	10	9	306	1	141	39	42	10	88	61	9	30	15	4	2	4	87	15	11	0	17	12	5	11	13	1
tm77	1	11	3	17	19	13	4	5	8	3	46	1	90	2	2	87	1	2	18	0	1	62	43	14	9	6	1	4	23	17	4	11	0	10	3	46	12	11	1
tm78	73	8	4	6	0	2	53	8	0	0	25	2	70	0	3	631	0	24	44	2	46	159	36	23	19	7	4	3	0	22	9	11	0	8	1	122	11	2	1
tm79	0	9	2	3	0	57	35	56	0	0	46	4	22	3	3	715	2	3	34	1	2	49	39	17	30	13	4	1	79	59	3	14	0	21	5	116	14	5	1
tm80	0	5	137	0	0	19	232	5	1	0	17	0	60	4	3	194	1	0	35	1	246	191	54	10	23	17	8	2	4	43	8	16	1	10	7	16	7	10	1
tm81	63	8	11	252	0	35	15	9	1	0	12	3	98	27	2	18	0	1	8	1	0	128	21	10	16	5	4	1	48	73	6	15	0	17	2	134	12	4	1
tm82	1	2	11	6	0	47	16	12	63	0	1	2	230	11	1	136	1	6	27	3	0	158	38	11	19	24	4	3	2	40	8	2	0	11	1	2	8	15	1
tm83	16	9	15	23	0	1	19	4	0	8	5	2	62	0	2	28	0	4	21	6	18	111	17	9	9	7	2	2	7	36	4	6	0	14	6	1	8	14	1
tm84	0	7	19	2	4	16	11	9	2	1	10	8	39	7	1	602	1	5	7	2	2	168	26	10	11	8	4	0	3	38	16	6	3	15	4	27	15	19	1
tm85	0	14	37	3	4	1134	53	18	19	1	4	38	38	28	8	1814	3	2	17	1	0	70	50	18	21	19	6	6	10	118	10	17	0	21	9	5	9	26	1
tm86	2	8	40	12	19	13	17	13	0	28	5	2	161	0	3	92	2	3	26	2	1	165	34	5	9	14	2	8	65	44	8	11	2	22	7	0	8	2	1
tm87	1	7	78	1	88	10	6	55	0	4	0	3	79	15	3	188	2	0	38	0	0	42	56	9	30	14	7	4	7	70	6	31	0	11	11	94	36	1	1
tm88	0	14	47	3	0	2	175	13	0	3	5	2	37	146	9	42	0	0	11	1	1	505	8	10	5	11	0	0	3	91	2	4	0	9	1	1	10	0	1
tm89	0	11	71	13	1	0	19	79	0	1	3	8	107	23	7	47	1	9	22	0	0	115	45	12	15	19	8	5	6	53	17	18	1	5	5	3	25	0	1
tm90	1	6	21	8	48	4	35	1	2	0	1	4	87	2	1	12	1	4	11	1	0	124	21	9	11	10	6	2	4	28	8	15	0	7	4	4	12	3	1
tm91	0	4	32	26	23	0	78	3	7	0	10	13	37	3	3	1800	0	3	18	6	73	824	13	5	13	14	1	2	12	39	6	6	0	15	1	2	7	3	1
tm92	0	2	80	3	0	0	15	19	0	0	7	3	53	2	1	101	2	6	8	15	74	80	8	8	7	8	0	7	8	36	3	8	2	6	1	5	4	3	1
tm93	0	4	15	1	0	3	3	0	0	0	0	3	11	15	0	519	0	2	5	6	1	17	25	6	5	5	3	0	1	20	4	8	2	9	2	1	2	0	1
tm94	0	2	19	4	94	2	10	1	5	0	3	0	16	12	1	60	0	3	3	0	0	32	9	5	3	8	1	4	26	19	2	3	1	5	1	1	3	4	1
tm95	0	6	29	3	3	29	49	20	12	15	5	2	92	0	0	146	0	8	13	0	0	322	37	14	27	7	9	2	1	56	17	14	1	15	8	3	8	10	1
tm96	0	3	116	16	0	2	14	24	2	0	3	47	35	45	1	41	2	3	32	0	237	604	54	13	13	15	4	9	1	144	4	5	0	20	6	3	9	3	1
tm97	0	4	2	3	0	305	23	9	14	1	6	3	54	38	7	92	0	1	13	1	0	188	18	12	13	9	3	5	14	54	8	6	0	4	1	2	9	1	1
tm98	2	8	117	4	4	27	45	9	10	0	2	12	116	112	0	32	2	4	8	0	0	135	20	8	7	3	0	11	8	13	4	3	11	5	0	5	1	9	1
tm99	0	4	16	10	0	60	35	7	27	0	3	1	608	2	7	3306	1	138	23	0	27	254	27	6	21	9	5	8	4	70	0	6	0	5	0	0	10	7	1
tm100	42	3	38	3	1	37	53	14	3	1	0	3	35	23	1	36	0	1	19	0	127	52	12	7	4	21	4	4	0	61	2	5	2	15	1	1	6	3	1
tm101	2	3	56	5	2	0	89	68	5	0	3	6	158	4	3	84	2	1	29	1	1	232	46	11	30	19	3	2	2	49	15	13	0	11	14	10	20	8	1
tm102	63	10	31	6	3	64	534	38	6	6	161	11	294	2	7	29	5	11	39	6	44	177	45	23	23	23	2	18	107	83	20	17	0	15	6	141	20	20	1
tm103	0	8	8	1	3	0	1	13	175	1	0	1	2	1	5	227	0	0	24	1	4	0	18	8	12	20	6	2	91	54	1	45	1	11	5	3	35	26	1
tm104	0	1	68	5	1	0	518	5	14	1	9	1	21	1	0	37	1	1	20	1	0	88	47	13	16	16	4	2	6	70	6	15	0	18	2	98	3	0	1
tm105	4	14	193	25	1	53	51	34	17	41	2	5	209	3	4	46	5	3	31	14	2	559	49	17	27	9	6	3	30	133	17	12	3	7	2	384	20	41	1
tm106	1	3	4	0	0	34	0	8	0	0	1	1	5	0	7	223	0	8	49	0	3	26	17	7	9	2	2	3	2	24	7	13	0	17	3	3	9	8	1
tm107	0	2	5	0	141	0	19	15	0	1	4	282	61	2	3	65	2	12	18	0	0	38	37	7	19	6	5	1	6	27	12	11	0	6	4	3	10	1	1
tm108	52	11	12	59	3	205	230	23	84	19	22	136	258	1	4	35	0	0	23	23	1	280	68	4	43	20	9	1	13	124	13	19	1	22	8	24	23	3	1
tm109	0	2	1	10	1	10	20	27	1	2	2	33	32	0	2	7	0	3	16	0	0	50	11	8	8	7	0	16	4	55	4	14	1	0	3	6	9	1	1
tm110	0	9	37	18	1	1	34	10	0	103	9	2	69	3	4	301	4	1	10	0	0	804	34	9	19	12	3	8	1	74	5	13	1	9	6	13	6	0	1
tm111	0	3	17	2	4	1	46	3	8	2	13	1	86	0	1	479	1	6	15	3	0	43	10	10	11	3	3	1	1	53	8	3	0	8	5	1	8	10	1
tm112	1	11	1	6	3	25	8	34	4	0	6	5	187	4	2	41	0	0	41	0	1	287	80	15	30	21	14	4	0	173	13	40	0	16	7	3	28	6	1
tm113	362	16	70	21	2	102	899	6	2	11	52	5	156	16	7	361	2	6	52	0	4	180	67	29	24	35	10	7	4	70	22	19	0	30	23	45	18	4	1
tm114	33	1	42	36	0	1	0	3	0	0	9	4	7	0	0	292	0	10	6	0	2889	131	0	4	4	1	0	0	8	18	1	3	0	0	1	0	7	0	1
tm115	0	7	3	1	3	361	24	56	4	0	28	4	40	1	4	112	1	8	41	0	6	69	45	15	21	8	4	18	2	78	14	29	1	17	7	6	14	7	1
tw1	0	8	0	6	0	87	66	14	1	0	4	1	10	0	10	7	0	3	5	1	1	100	5	5	4	1	0	8	28	33	1	3	0	3	0	1	4	0	0
tw2	0	19	6	15	1	1205	39	7	17	0	0	1	57	1	11	103	3	2	56	0	33	264	43	11	36	12	0	17	16	106	11	7	1	22	5	68	13	2	0
tw3	0	4	49	7	0	4	3	17	1	1	1	0	17	15	1	31	4	10	26	2	0	34	33	13	24	15	2	1	1	24	6	12	0	24	7	1	17	1	0
tw4	0	6	15	226	0	712	36	69	67	0	1	1	14	0	7	93	0	0	6	0	2	20	14	12	1	15	2	10	445	48	3	17	5	6	0	2	5	2	0
tw5	2	5	0	0	2	3724	3	14	1	0	4	3	13	40	6	58	0	1	44	1	1	15	43	11	18	22	3	5	1	65	14	11	0	4	3	5	23	4	0
tw6	0	9	11	4	0	83	33	8	0	0	2	1	9	7	8	7	0	0	15	0	0	144	16	7	11	4	1	6	1	69	8	2	2	4	2	1	15	2	0
tw7	5	16	7	12	3	26	40	6	1	9	4	0	130	21	6	296	1	11	17	3	28	124	29	15	13	17	4	2	3	56	20	18	0	36	7	3	15	12	0
tw8	0	3	8	5	0	389	16	5	3	0	15	0	33	2	3	202	0	4	6	0	0	125	20	4	11	8	0	4	13	53	7	9	0	8	3	9	7	23	0
tw9	0	4	785	10	4	97	56	144	3	3	0	3	1591	1	1	29	49	1	30	3	17	76	98	20	9	42	12	124	0	28	30	35	3	17	3	7	10	25	0
tw10	0	5	248	4	0	0	24	17	1	0	0	1	13	12	3	98	0	0	5	0	0	20	12	5	6	14	4	4	15	30	6	5	0	23	5	0	7	5	0
tw11	0	0	55	2	1	33	9	2	0	0	0	1	22	0	1	48	0	0	7	0	0	118	12	6	6	2	1	3	3	29	3	3	2	6	3	0	0	1	0
tw12	1	10	5	3	0	124	32	6	0	2	2	21	114	0	4	173	6	1	38	1	1	303	38	19	24	28	3	6	30	47	10	27	1	13	4	2	17	24	0
tw13	0	9	206	5	4	0	15	15	7	0	7	4	40	187	0	75	0	7	33	5	17	80	44	22	10	19	19	1	2	87	26	7	1	43	6	6	10	10	0
tw14	0	5	11	2	3	0	21	8	1	0	6	4	17	73	8	744	3	2	60	51	3	2340	84	36	26	32	15	1	2	194	20	12	7	13	6	0	12	1	0
tw15	0	8	9	1	2	1	19	71	7	2	3	4	25	1	5	480	8	4	31	5	0	38	35	13	18	22	7	5	0	38	9	7	6	13	4	1	14	87	0
tw16	0	11	87	1	2	958	27	18	0	0	2	3	36	6	5	69	3	0	22	1	0	102	35	9	32	7	2	1	6	34	14	20	2	9	8	30	28	7	0
tw17	0	12	73	6	3	1	137	46	2	0	0	2	460	2	7	16	8	1	73	0	0	38	107	20	11	45	21	19	0	98	19	26	42	29	7	3	8	15	0
tw18	0	10	91	1	2	2	6	13	5	0	32	174	217	6	8	111	2	0	26	0	5	44	21	7	11	14	4	2	9	40	5	13	11	7	9	4	27	4	0
tw19	1	5	7	8	4	1	141	9	0	0	3	0	85	3	4	492	0	0	17	0	0	339	17	8	7	8	4	11	5	65	5	11	12	8	5	3	19	0	0
tw20	0	60	3	30	0	29157	8	83	0	0	395	2	1806	0	7	458	26	2	242	0	0	169	389	107	154	205	67	76	2	1800	98	306	0	63	26	1	62	653	0
tw21	0	6	14	2	111	21	8	17	0	0	13	2	15	0	3	51	4	2	16	2	18	61	40	8	14	10	4	2	28	32	11	10	0	6	2	867	8	14	0
tw22	0	10	187	0	2	4	24	11	0	0	1	4	43	126	6	114	1	2	81	0	0	186	104	21	52	48	10	9	3	87	31	60	0	38	17	0	41	2	0
tw23	0	7	127	13	1	1191	1	11	0	52	13	0	107	8	3	53	0	0	18	0	0	142	34	14	15	6	1	8	27	26	10	10	9	12	3	35	2	2	0
tw24	0	7	40	4	2	0	27	7	0	0	4	0	93	17	3	12	0	2	40	0	0	106	45	11	34	8	5	3	1	33	15	11	1	34	15	0	20	2	0
tw25	0	18	27	2	1	31	7	36	1	0	3	6	125	1468	8	80	3	2	70	1	0	39	62	32	20	34	14	1	0	228	15	14	1	27	8	10	24	26	0
tw26	0	4	25	1	0	1	1	2	3	0	1	0	13	500	4	75	3	1	14	0	12	60	27	10	9	9	1	5	1	15	5	7	1	7	6	0	15	1	0
tw27	0	4	5	0	2	1371	109	9	0	0	3	4	45	7	1	27	0	1	26	0	0	43	21	9	11	20	5	115	16	62	6	14	0	7	5	1	10	2	0
tw28	0	3	61	0	0	0	22	18	0	0	2	7	43	57	2	27	3	4	33	0	16	307	68	7	30	28	5	1	0	50	9	11	0	40	9	2	13	0	0
tw29	1	58	75	16	3	8	36	849	250	0	20	12	181	2	5	44	1	0	120	1	513	359	85	40	26	47	17	5	1	608	14	43	7	35	18	4	110	216	0
tw30	0	5	136	3	0	31	7	7	0	3	0	0	14	217	14	159	0	0	61	0	0	97	135	38	41	31	3	1	4	124	26	68	4	67	19	0	8	1	0
tw31	0	10	144	12	62	1	60	30	3	0	14	1	26	4	3	452	2	4	22	1	1	53	34	16	43	22	7	4	4	85	11	6	13	34	9	8	32	8	0
tw32	1	12	16	1	0	1	9	11	0	18	15	1	208	11	9	7	1	1	8	0	51	50	35	8	47	21	3	0	3	84	14	23	2	11	14	0	28	10	0
tw33	0	5	2	3	2	0	9	3	1	0	5	1	20	0	3	85	1	1	10	0	2	142	7	10	6	3	0	3	0	50	4	2	0	11	1	3	7	2	0
tw34	0	8	62	0	3	108	19	19	0	0	1	1	41	15	10	41	1	4	18	0	1	69	64	22	51	24	7	2	0	46	9	20	0	3	4	3	19	2	0
tw35	8	19	8	9	1	78	26	13	3	4	25	1	183	3	10	403	4	5	49	0	52	371	62	18	25	31	6	0	0	22	15	25	0	21	9	829	37	6	0
tw36	0	7	43	6	0	1	31	19	1	0	4	0	31	1	2	7	1	1	9	0	0	86	12	10	15	1	3	6	2	73	5	11	1	13	3	0	7	4	0
